RANDOM
600	1575.848484848485	5.953842359600663	298.9090909090909	1.753218410064305	300.0909090909091	1.753218410064305	
1200	3162.818181818182	6.113353660243037	594.6212121212121	1.7638661108555822	604.3787878787879	1.7638661108555822	
1800	3786.9030303030304	16.88865900464589	891.6818181818182	1.3865414565543341	908.3181818181818	4.2761098699442535	

MAHP
600	1221.6727272727273	6.165738117121559	366.3606060606061	1.2426089007267282	232.6393939393939	1.2426089007267274	
1200	2574.0939393939398	7.508757175337464	686.0333333333333	1.649291740051365	512.9666666666667	1.649291740051365	
1800	3753 .906060606061	15.183260356787128	1062.8424242424243	0.88808741472804	737.1575757575757	3.545029065378761	

RELIABLE
600	1295.260606060606	3.7534887793263816	340.53333333333336	1.166000049615125	258.46666666666664	1.166000049615125	
1200	2630.9939393939394	10.106206774646024	659.7454545454545	2.3949568052834627	539.2545454545455	2.3949568052834627	
1800	3150.3545454545456	18.037770867596137	991.2181818181818	1.0462528967543758	808.7818181818182	3.253423321024355	

GREEDY
600	2007.275757575758	3.8053485657179413	151.8151515151515	1.6142842553357182	 447.1848484848485	1.61428425533572	
1200	4321.736363636363	6.311860947113996	185.5969696969697	2.4117931200082254	1013.4030303030304	2.411793120008223	
1800	5232.654545454546	20.122885195593604	270.78484848484848	1.064963439794613	1529.2151515151515	5.264471404951673

1st and 2nd column - bloq + standard deviation
3rd and 4th column - attend + standard deviation
5th and 6th column - denied + standard deviation

